100
31 60
69 90
41 84
99 88
90 47
96 73
31 43
88 17
24 33
61 4
95 43
65 6
84 62
57 34
77 46
38 21
88 64
63 9
9 52
83 98
37 40
95 33
85 31
9 66
39 7
83 15
99 32
57 25
31 24
20 84
80 35
80 11
59 57
20 9
51 38
53 63
67 5
85 67
14 32
13 39
5 66
38 27
99 90
72 36
95 97
66 82
61 23
18 30
48 53
61 85
99 23
47 45
34 3
74 18
64 24
55 62
44 29
55 41
31 41
97 25
26 13
58 11
92 98
14 60
87 39
33 26
28 47
50 97
46 22
79 16
20 61
26 80
15 52
99 58
24 62
69 47
21 13
26 9
52 67
40 97
53 13
25 63
18 65
32 66
74 53
93 92
37 58
44 38
23 83
30 10
41 74
75 22
61 21
47 59
97 69
50 47
47 73
18 23
15 15
89 47

